Global_MRR: 0.05525470955030825
made_directed_relations:
  Global_MRR: 0.06567765871871649
  Individual_MRRs:
    drug_drug: 0.06836385279893875
    disease_disease: 0.1577892154455185
    protein_protein: 0.035913869738578796
    drug_drug_inv: 0.07427337765693665
    disease_disease_inv: 0.12273979932069778
    protein_protein_inv: 0.03245130181312561
target_relations:
  Global_MRR: 0.0255177840590477
  Individual_MRRs:
    indication: 0.0255177840590477
remaining_relations:
  Global_MRR: 0.040651908072831325
  Individual_MRRs:
    molfunc_molfunc: 0.06610909104347229
    contraindication: 0.02078973315656185
    exposure_cellcomp: 0.0011932043125852942
    anatomy_anatomy: 0.003222157945856452
    exposure_exposure: 0.19974206387996674
    exposure_protein: 0.1046065092086792
    off-label use: 0.015417802147567272
    drug_protein: 0.04814738780260086
    protein_present_anatomy: 0.031322579830884933
    protein_molfunc: 0.07730376720428467
    exposure_molfunc: 0.25131240487098694
    pathway_pathway: 0.06178323179483414
    protein_pathway: 0.11690276116132736
    disease_phenotype_negative: 0.017994169145822525
    phenotype_protein: 0.07825298607349396
    bioprocess_bioprocess: 0.029270773753523827
    phenotype_phenotype: 0.025498393923044205
    disease_phenotype_positive: 0.0363629125058651
    exposure_bioprocess: 0.08517929166555405
    protein_bioprocess: 0.033200524747371674
    exposure_disease: 0.10408059507608414
    protein_cellcomp: 0.07808349281549454
    cellcomp_cellcomp: 0.05419163405895233
    drug_effect: 0.05513053387403488
    protein_absent_anatomy: 0.03823158144950867
    disease_protein: 0.11302182078361511
target_relations_by_frequency:
  indication:
    Frequent_MRR: 0.029606688767671585
    Infrequent_MRR: 0.01598774641752243
    Threshold: 10
