Global_MRR: 0.11635875626158568
made_directed_relations:
  Global_MRR: 0.046629651277925
  Individual_MRRs:
    drug_drug: 0.052670761942863464
    disease_disease: 0.05640548840165138
    protein_protein: 0.016973333433270454
    drug_drug_inv: 0.05447592958807945
    disease_disease_inv: 0.04510375112295151
    protein_protein_inv: 0.0176873616874218
target_relations:
  Global_MRR: 0.0085236681625247
  Individual_MRRs:
    indication: 0.0085236681625247
remaining_relations:
  Global_MRR: 0.21493456056378477
  Individual_MRRs:
    drug_effect: 0.04805523157119751
    disease_protein: 0.07321972399950027
    exposure_protein: 0.11635025590658188
    off-label use: 0.04585345834493637
    protein_present_anatomy: 0.3022318184375763
    disease_phenotype_positive: 0.02788645029067993
    exposure_cellcomp: 1.126749521063175e-05
    protein_cellcomp: 0.09211720526218414
    drug_protein: 0.09465567022562027
    pathway_pathway: 0.052628885954618454
    phenotype_phenotype: 0.02496976964175701
    protein_bioprocess: 0.04081541299819946
    exposure_exposure: 0.1970314234495163
    exposure_molfunc: 0.2058783769607544
    protein_absent_anatomy: 0.19670668244361877
    exposure_bioprocess: 0.06350906193256378
    protein_pathway: 0.19522815942764282
    exposure_disease: 0.14707127213478088
    anatomy_anatomy: 0.0023224882315844297
    molfunc_molfunc: 0.0697292611002922
    phenotype_protein: 0.1136397197842598
    contraindication: 0.07537786662578583
    protein_molfunc: 0.09649138897657394
    bioprocess_bioprocess: 0.023237600922584534
    cellcomp_cellcomp: 0.041130181401968
    disease_phenotype_negative: 0.03599869832396507
target_relations_by_frequency:
  indication:
    Frequent_MRR: 0.010841750539839268
    Infrequent_MRR: 0.003028612118214369
    Threshold: 10
