Global_MRR: 0.12299523694770217
made_directed_relations:
  Global_MRR: 0.06283671572867797
  Individual_MRRs:
    drug_drug: 0.06702058762311935
    disease_disease: 0.07979878038167953
    protein_protein: 0.027393031865358353
    drug_drug_inv: 0.07558070868253708
    disease_disease_inv: 0.05442195385694504
    protein_protein_inv: 0.027012621983885765
target_relations:
  Global_MRR: 0.07885419577360153
  Individual_MRRs:
    indication: 0.07885419577360153
remaining_relations:
  Global_MRR: 0.20786827085667867
  Individual_MRRs:
    disease_phenotype_negative: 0.07929162681102753
    pathway_pathway: 0.0906020849943161
    protein_bioprocess: 0.03466780111193657
    contraindication: 0.0628342479467392
    bioprocess_bioprocess: 0.050237152725458145
    drug_effect: 0.08843094110488892
    protein_absent_anatomy: 0.08701454848051071
    drug_protein: 0.058192964643239975
    molfunc_molfunc: 0.09318852424621582
    protein_present_anatomy: 0.2897956073284149
    exposure_exposure: 0.2557896673679352
    disease_protein: 0.05925898253917694
    phenotype_protein: 0.07683520019054413
    anatomy_anatomy: 0.004396258853375912
    exposure_molfunc: 0.2748478353023529
    cellcomp_cellcomp: 0.06884949654340744
    exposure_protein: 0.13691741228103638
    protein_pathway: 0.14754456281661987
    disease_phenotype_positive: 0.03860262408852577
    exposure_cellcomp: 0.004354268312454224
    protein_cellcomp: 0.1076427474617958
    exposure_disease: 0.14069733023643494
    exposure_bioprocess: 0.10439275205135345
    protein_molfunc: 0.10995928198099136
    off-label use: 0.07220195978879929
    phenotype_phenotype: 0.03768378496170044
target_relations_by_frequency:
  indication:
    Frequent_MRR: 0.10718373954296112
    Infrequent_MRR: 0.013049356639385223
    Threshold: 10
