Global_MRR: 0.12367651175008774
made_directed_relations:
  Global_MRR: 0.05160420703753075
  Individual_MRRs:
    drug_drug: 0.05347225442528725
    disease_disease: 0.2692636549472809
    protein_protein: 0.024773268029093742
    drug_drug_inv: 0.05340643227100372
    disease_disease_inv: 0.20024359226226807
    protein_protein_inv: 0.023783214390277863
target_relations:
  Global_MRR: 0.06286255270242691
  Individual_MRRs:
    indication: 0.06286255270242691
remaining_relations:
  Global_MRR: 0.2255915261850715
  Individual_MRRs:
    protein_molfunc: 0.07698515802621841
    phenotype_protein: 0.09272890537977219
    phenotype_phenotype: 0.03090737760066986
    exposure_exposure: 0.16797710955142975
    protein_absent_anatomy: 0.16439826786518097
    contraindication: 0.08078254759311676
    disease_phenotype_negative: 0.034947726875543594
    exposure_bioprocess: 0.04861193522810936
    drug_effect: 0.056895144283771515
    molfunc_molfunc: 0.07311952859163284
    protein_pathway: 0.16070188581943512
    protein_cellcomp: 0.09597637504339218
    exposure_disease: 0.12452347576618195
    off-label use: 0.03666906803846359
    pathway_pathway: 0.06417001038789749
    protein_present_anatomy: 0.3215230107307434
    drug_protein: 0.07600076496601105
    protein_bioprocess: 0.03129233047366142
    disease_protein: 0.07092323899269104
    anatomy_anatomy: 0.0036615757271647453
    exposure_protein: 0.1061946377158165
    bioprocess_bioprocess: 0.02788473665714264
    exposure_cellcomp: 0.0002781862276606262
    disease_phenotype_positive: 0.03066862002015114
    cellcomp_cellcomp: 0.05225924402475357
    exposure_molfunc: 0.013859981670975685
target_relations_by_frequency:
  indication:
    Frequent_MRR: 0.07389646768569946
    Infrequent_MRR: 0.0371457040309906
    Threshold: 10
