Global_MRR: 0.11334175652891025
made_directed_relations:
  Global_MRR: 0.04465083202066606
  Individual_MRRs:
    drug_drug: 0.05048757791519165
    disease_disease: 0.06466402113437653
    protein_protein: 0.016692208126187325
    drug_drug_inv: 0.05108717083930969
    disease_disease_inv: 0.06076790392398834
    protein_protein_inv: 0.018015027046203613
target_relations:
  Global_MRR: 0.06607051193714142
  Individual_MRRs:
    indication: 0.06607051193714142
remaining_relations:
  Global_MRR: 0.21024148420824787
  Individual_MRRs:
    phenotype_phenotype: 0.029380042105913162
    drug_protein: 0.08686355501413345
    protein_cellcomp: 0.11295045167207718
    phenotype_protein: 0.09454710781574249
    exposure_protein: 0.10799890756607056
    protein_pathway: 0.2131318598985672
    bioprocess_bioprocess: 0.023746134713292122
    contraindication: 0.06958653032779694
    off-label use: 0.055928125977516174
    exposure_disease: 0.09816104173660278
    drug_effect: 0.06038957089185715
    exposure_bioprocess: 0.040891554206609726
    protein_present_anatomy: 0.2927037477493286
    protein_absent_anatomy: 0.20100046694278717
    pathway_pathway: 0.07071476429700851
    exposure_exposure: 0.19174866378307343
    molfunc_molfunc: 0.0700480043888092
    anatomy_anatomy: 0.0007439501350745559
    protein_bioprocess: 0.04292076826095581
    protein_molfunc: 0.07872281223535538
    cellcomp_cellcomp: 0.05107551068067551
    exposure_molfunc: 0.11203018575906754
    disease_protein: 0.06932743638753891
    disease_phenotype_negative: 0.048783622682094574
    disease_phenotype_positive: 0.03457990288734436
    exposure_cellcomp: 0.0002744974917732179
target_relations_by_frequency:
  indication:
    Frequent_MRR: 0.07284554839134216
    Infrequent_MRR: 0.05033322423696518
    Threshold: 10
