Global_MRR: 0.2909654603844088
made_directed_relations:
  Global_MRR: 0.32771344582056067
  Individual_MRRs:
    drug_drug: 0.4150621294975281
    disease_disease: 0.054033637046813965
    protein_protein: 0.031026139855384827
    drug_drug_inv: 0.39579999446868896
    disease_disease_inv: 0.04307888448238373
    protein_protein_inv: 0.03157747536897659
target_relations:
  Global_MRR: 0.01900327578186989
  Individual_MRRs:
    indication: 0.01900327578186989
remaining_relations:
  Global_MRR: 0.24017496365861998
  Individual_MRRs:
    protein_molfunc: 0.061111755669116974
    protein_pathway: 0.1251157820224762
    exposure_cellcomp: 7.577251835755305e-06
    phenotype_protein: 0.08944021165370941
    exposure_exposure: 0.18483823537826538
    contraindication: 0.15733152627944946
    cellcomp_cellcomp: 0.013145271688699722
    exposure_bioprocess: 0.06555848568677902
    protein_absent_anatomy: 0.1826649010181427
    disease_protein: 0.06209505349397659
    exposure_disease: 0.08689544349908829
    drug_protein: 0.11818268150091171
    off-label use: 0.1046028807759285
    phenotype_phenotype: 0.020050056278705597
    protein_cellcomp: 0.05978342518210411
    exposure_protein: 0.09776744246482849
    disease_phenotype_negative: 0.04436098039150238
    disease_phenotype_positive: 0.04025760293006897
    protein_present_anatomy: 0.3452650308609009
    exposure_molfunc: 0.1619287133216858
    pathway_pathway: 0.11142552644014359
    protein_bioprocess: 0.024892497807741165
    anatomy_anatomy: 0.007731762249022722
    drug_effect: 0.06448996067047119
    molfunc_molfunc: 0.02943648025393486
    bioprocess_bioprocess: 0.040365688502788544
target_relations_by_frequency:
  indication:
    Frequent_MRR: 0.026210039854049683
    Infrequent_MRR: 0.0019195142667740583
    Threshold: 10
