Global_MRR: 0.24273878618049852
made_directed_relations:
  Global_MRR: 0.28900574031220094
  Individual_MRRs:
    drug_drug: 0.34397339820861816
    disease_disease: 0.2586580216884613
    protein_protein: 0.0807582437992096
    drug_drug_inv: 0.3396631181240082
    disease_disease_inv: 0.18396103382110596
    protein_protein_inv: 0.07220827788114548
target_relations:
  Global_MRR: 0.20142748951911926
  Individual_MRRs:
    indication: 0.20142748951911926
remaining_relations:
  Global_MRR: 0.17759772416829953
  Individual_MRRs:
    exposure_disease: 0.12466974556446075
    protein_pathway: 0.19887173175811768
    pathway_pathway: 0.08441740274429321
    protein_present_anatomy: 0.22787177562713623
    disease_phenotype_negative: 0.07098831236362457
    phenotype_phenotype: 0.0390043705701828
    protein_bioprocess: 0.07256792485713959
    disease_protein: 0.17750151455402374
    exposure_bioprocess: 0.08968077600002289
    disease_phenotype_positive: 0.0410904698073864
    protein_cellcomp: 0.11534210294485092
    exposure_cellcomp: 0.0004999691736884415
    off-label use: 0.17523103952407837
    anatomy_anatomy: 0.004888004157692194
    drug_effect: 0.08960974216461182
    protein_molfunc: 0.09394900500774384
    protein_absent_anatomy: 0.09002768993377686
    exposure_molfunc: 0.1346694529056549
    drug_protein: 0.1276923418045044
    contraindication: 0.12396709620952606
    bioprocess_bioprocess: 0.034532878547906876
    exposure_exposure: 0.15885911881923676
    exposure_protein: 0.13039669394493103
    cellcomp_cellcomp: 0.048925139009952545
    molfunc_molfunc: 0.07903878390789032
    phenotype_protein: 0.15571194887161255
target_relations_by_frequency:
  indication:
    Frequent_MRR: 0.24491699039936066
    Infrequent_MRR: 0.10006611049175262
    Threshold: 10
