Global_MRR: 0.3739679742964014
made_directed_relations:
  Global_MRR: 0.50564308986692
  Individual_MRRs:
    drug_drug: 0.568095326423645
    disease_disease: 0.6210008263587952
    protein_protein: 0.2772841453552246
    drug_drug_inv: 0.5516488552093506
    disease_disease_inv: 0.6004169583320618
    protein_protein_inv: 0.2600119113922119
target_relations:
  Global_MRR: 0.21412089467048645
  Individual_MRRs:
    indication: 0.21412089467048645
remaining_relations:
  Global_MRR: 0.18872655508844338
  Individual_MRRs:
    contraindication: 0.15871454775333405
    pathway_pathway: 0.1321655511856079
    exposure_protein: 0.043241098523139954
    anatomy_anatomy: 0.0015452599618583918
    disease_protein: 0.20829209685325623
    bioprocess_bioprocess: 0.06943266093730927
    protein_present_anatomy: 0.2481878250837326
    phenotype_protein: 0.09325119853019714
    phenotype_phenotype: 0.05860217288136482
    exposure_cellcomp: 9.371970008942299e-06
    protein_pathway: 0.32303112745285034
    exposure_molfunc: 0.21492287516593933
    exposure_exposure: 0.24543583393096924
    protein_molfunc: 0.08061017096042633
    exposure_disease: 0.10645845532417297
    molfunc_molfunc: 0.09515158832073212
    cellcomp_cellcomp: 0.05398547649383545
    drug_effect: 0.026917021721601486
    protein_bioprocess: 0.05394173413515091
    off-label use: 0.18041323125362396
    disease_phenotype_positive: 0.03900574520230293
    disease_phenotype_negative: 0.0973258912563324
    exposure_bioprocess: 0.09247739613056183
    protein_cellcomp: 0.06665070354938507
    protein_absent_anatomy: 0.041049566119909286
    drug_protein: 0.09664781391620636
target_relations_by_frequency:
  indication:
    Frequent_MRR: 0.23947319388389587
    Infrequent_MRR: 0.15503200888633728
    Threshold: 10
