Global_MRR: 0.24461031151441617
made_directed_relations:
  Global_MRR: 0.2770702403689228
  Individual_MRRs:
    drug_drug: 0.34472283720970154
    disease_disease: 0.0530695840716362
    protein_protein: 0.03731144964694977
    drug_drug_inv: 0.3347770571708679
    disease_disease_inv: 0.0474022775888443
    protein_protein_inv: 0.03903919830918312
target_relations:
  Global_MRR: 0.025075586512684822
  Individual_MRRs:
    indication: 0.025075586512684822
remaining_relations:
  Global_MRR: 0.1996734612783928
  Individual_MRRs:
    protein_pathway: 0.2016524076461792
    off-label use: 0.18629789352416992
    phenotype_protein: 0.1541946828365326
    disease_protein: 0.15687333047389984
    contraindication: 0.1669899821281433
    exposure_cellcomp: 0.04597592353820801
    exposure_molfunc: 0.18705162405967712
    drug_protein: 0.13021250069141388
    bioprocess_bioprocess: 0.04527303948998451
    protein_cellcomp: 0.10476918518543243
    cellcomp_cellcomp: 0.040281664580106735
    protein_absent_anatomy: 0.12339763343334198
    disease_phenotype_negative: 0.08350943773984909
    exposure_protein: 0.12957367300987244
    protein_present_anatomy: 0.2640325129032135
    pathway_pathway: 0.09221336245536804
    molfunc_molfunc: 0.09041202068328857
    exposure_disease: 0.11365319043397903
    exposure_bioprocess: 0.10324214398860931
    anatomy_anatomy: 0.007440811488777399
    exposure_exposure: 0.19617362320423126
    phenotype_phenotype: 0.04362635686993599
    protein_molfunc: 0.08098293840885162
    drug_effect: 0.08271236717700958
    disease_phenotype_positive: 0.04251391068100929
    protein_bioprocess: 0.06604368984699249
target_relations_by_frequency:
  indication:
    Frequent_MRR: 0.03446997329592705
    Infrequent_MRR: 0.002806022996082902
    Threshold: 10
